27 18
17 44
8105 9698

12 64
71 42
3104 3088

73 35
24 71
7324 7914

25 53
62 37
19587 15892

71 18
23 71
7286 4520

21 52
55 16
395 11424

79 33
22 56
3969 2875

33 58
37 15
11569 16673

17 59
76 30
8790 9300

94 20
57 71
14573 8929

53 25
13 33
12977 2517

60 27
54 84
4044 2178

19 38
65 32
16453 19434

16 43
43 13
14334 672

45 81
47 21
4863 4365

50 88
94 33
6286 5236

48 25
12 28
17768 3861

45 11
58 95
1936 1039

19 47
64 13
12147 18919

80 30
42 96
7238 9054

79 17
65 66
1877 768

75 28
18 69
15962 17983

62 16
37 72
3099 4984

23 59
55 24
15955 3233

90 92
96 19
13434 7481

18 95
99 93
9108 13710

75 16
41 66
6995 5500

14 23
94 27
9192 3760

73 85
92 15
9941 5495

24 41
42 22
14984 10871

20 62
68 18
640 3088

95 35
38 86
11324 11228

95 28
73 77
6422 2947

30 57
52 11
19348 1362

17 46
82 66
3155 4640

68 19
13 48
5889 13960

96 99
18 88
2202 8173

98 61
16 79
9048 9153

12 29
44 13
920 10690

27 51
63 33
11996 10844

65 40
12 44
19411 19132

46 15
24 45
17192 5435

52 22
27 55
12428 18998

87 34
52 70
8882 5806

28 51
70 28
7630 6435

42 55
60 24
2502 2949

73 32
14 46
10931 17174

98 18
47 56
1763 1508

28 64
95 66
6324 7200

12 59
88 39
3940 4806

47 73
70 17
6986 3421

18 72
88 87
8288 10362

15 45
79 50
11399 13955

18 87
29 20
2199 6663

40 94
78 30
9204 9672

12 38
60 15
10328 11272

34 29
14 76
2064 3426

73 25
68 96
7009 4509

67 33
25 91
3950 9106

74 13
78 84
9842 4330

58 12
36 82
18226 12016

33 56
95 12
2886 1764

50 85
38 11
2546 3417

31 91
96 29
9049 3305

42 32
11 31
5313 18123

50 17
26 67
18906 15755

19 88
68 70
3070 4666

36 11
46 83
11628 7725

62 11
18 79
12652 9456

12 57
46 22
18988 292

79 14
42 93
5135 7669

51 21
12 66
3327 2469

11 27
98 11
7532 2649

35 65
72 35
8843 6650

85 31
24 39
5423 2492

55 18
25 55
2420 1197

37 15
32 97
3094 6464

19 59
44 18
17362 6524

17 50
56 28
19334 10960

46 22
38 62
6432 6336

85 13
87 98
6999 5898

81 13
14 81
1908 1262

53 16
22 54
12528 19186

25 53
56 23
16631 4004

27 75
64 39
6155 4746

75 33
11 32
3425 2186

20 43
90 35
8890 5324

71 12
13 52
16024 13520

17 41
70 29
9179 3588

23 53
86 23
4628 2081

28 67
54 11
11132 12203

11 97
34 28
2926 4872

64 32
12 78
4364 4558

31 59
44 21
17289 4646

92 93
90 11
2106 1729

70 12
25 69
1235 1959

83 23
27 42
9059 4754

72 19
42 98
6210 4507

54 21
34 69
2802 7613

18 76
93 44
4359 5504

88 82
11 66
6336 8134

14 53
63 48
1715 4397

12 72
53 46
3422 8020

82 31
13 65
872 570

40 77
45 12
9155 16763

89 45
37 86
8787 5856

37 49
78 20
4981 2265

45 14
40 80
19160 9168

26 26
13 61
936 3528

59 38
21 46
7487 9522

59 15
39 49
4181 4307

26 72
65 14
1953 17382

23 42
44 18
14527 2876

78 80
52 14
8632 7988

93 19
25 90
3272 2621

44 13
39 89
3982 6290

14 75
99 58
9373 7228

75 25
23 73
4424 2324

80 21
14 98
8460 6937

22 67
55 14
12893 1666

44 13
14 48
13366 3202

59 20
23 33
4975 2871

44 15
14 62
4970 5944

29 54
56 30
876 14426

56 93
53 20
6683 5181

63 30
20 64
5778 3732

61 33
18 77
5079 8734

32 49
45 18
3693 10723

76 40
12 36
16324 2236

77 51
11 41
2267 12225

58 99
62 34
7692 8317

20 41
67 37
9857 1424

11 43
69 22
15065 10720

29 11
52 67
3902 3920

15 50
71 17
8940 2275

78 30
14 79
5540 7063

31 71
73 33
4164 3364

29 58
94 19
8545 5429

14 69
81 63
7390 9525

63 17
17 73
11994 19446

90 30
19 31
7044 2496

11 50
38 11
19768 3529

64 12
28 80
13976 17876

12 37
71 35
6039 7825

69 70
17 76
3210 6958

21 56
50 17
2424 2974

65 12
23 51
4636 5391

57 27
39 71
17261 5991

47 18
68 90
6739 6930

11 32
59 18
18943 2346

45 44
89 17
2828 2275

32 50
39 19
3225 2525

11 31
67 25
14827 9669

40 12
37 68
16679 12220

47 26
34 83
5170 5877

27 70
76 57
5904 9005

99 16
54 81
2592 708

12 45
69 29
1424 16618

26 92
64 45
1616 1726

55 26
30 57
2240 3628

13 34
63 13
16497 10164

28 74
39 12
4488 7854

43 72
84 42
4210 2610

19 71
61 17
6902 494

54 85
72 20
4842 6875

53 11
18 56
5621 4017

44 18
31 50
14076 10362

39 23
11 23
17763 3987

18 44
41 13
1213 2529

12 68
71 65
4538 6150

59 28
22 52
6713 9876

54 19
13 31
7630 13243

67 12
13 62
15477 19170

67 25
16 98
6167 8099

23 41
34 20
15724 15050

34 65
40 15
10362 17085

11 78
81 54
5410 7140

37 65
65 18
3813 5929

77 30
53 95
2764 3010

98 15
72 68
8952 4732

29 14
48 74
18622 9292

46 76
34 13
14076 10938

14 33
43 12
13470 10505

40 16
11 19
16938 9234

26 69
40 12
2382 4367

55 19
46 90
5037 7817

62 11
58 68
2086 1582

25 57
63 34
1170 1023

13 52
69 25
18225 7037

29 84
44 32
2871 2780

56 80
78 17
4586 2491

24 99
89 26
7310 6275

16 38
79 56
10758 8014

73 47
24 49
2003 15822

76 27
17 58
3080 4004

97 40
36 80
4729 6120

46 14
36 69
750 13525

31 70
28 14
5465 7910

31 59
43 17
13684 10746

15 51
58 32
2390 1220

26 15
15 99
1101 1629

85 45
56 95
10702 12005

66 14
20 62
15830 17694

56 17
19 49
10565 1079

13 91
70 85
4310 7490

16 96
92 75
6368 13404

75 18
11 40
953 5870

36 20
17 42
3873 3226

57 45
19 54
6213 6777

32 89
64 27
3264 1679

55 18
26 55
12643 13811

11 99
88 92
5357 10413

57 24
13 40
5132 9920

58 13
20 62
7590 15279

81 61
12 65
7338 10283

57 83
29 11
1856 5024

66 21
17 48
7331 14951

59 34
12 46
8132 1294

11 39
73 23
19173 4599

15 21
77 27
2229 939

44 69
32 13
11884 11249

34 22
24 47
12504 6477

93 34
58 72
9251 4398

49 40
87 12
6126 2640

62 22
28 63
6858 16418

15 46
82 49
16041 1340

14 94
31 32
1876 5198

29 66
93 53
5348 7253

95 28
47 80
9440 4436

34 91
65 53
2833 5284

17 63
69 33
5323 4137

34 15
60 94
6218 6795

49 19
24 60
1447 6193

11 53
44 14
7118 2564

94 95
88 22
7016 4614

29 41
91 40
6833 5405

46 11
38 65
2892 1698

26 42
41 14
8559 1964

31 67
72 37
7974 8694

87 14
12 82
4589 4196

13 70
40 20
2015 5770

23 37
57 21
7005 4977

24 59
79 45
1355 2585

37 12
22 43
17091 15966

46 13
15 62
12329 1775

51 22
11 56
2258 10890

54 17
25 59
4809 7090

58 19
27 74
9883 3567

13 80
73 75
5253 10995

12 22
45 22
10454 11540

27 82
95 67
5143 9860

56 67
92 27
13280 8246

39 11
33 54
13970 2728

29 45
47 20
11430 12300

63 29
31 63
15707 10361

95 52
50 91
12070 10361

89 22
37 48
7161 3402

71 29
17 57
13524 11818

32 19
33 79
4806 7012

19 79
87 51
2727 7299

30 96
84 73
2304 3261

20 19
11 79
839 2785

27 47
61 19
3231 4055

12 29
41 18
9603 8529

28 17
36 70
4408 5950

74 20
28 56
1982 2812

16 52
58 41
652 1234

22 14
31 62
4003 6056

12 75
52 19
2804 4061

72 27
49 60
9585 6966

56 18
18 48
584 18170

99 88
31 94
4773 6834

15 44
79 51
5502 4753

44 65
40 14
1264 17268

59 14
11 41
763 12898

94 57
33 75
4672 8112

55 24
12 43
1128 16380

41 12
34 61
2280 12417

24 65
28 11
7572 17387

37 71
80 11
3867 2575

19 56
51 23
14915 775

46 71
46 18
12290 3949

96 67
14 32
5244 5127

29 68
58 15
4582 5904

51 38
32 92
6544 10124

15 63
29 12
9073 14123

96 13
79 90
7307 1386

18 66
80 33
12376 13388

22 77
15 11
2607 5929

97 18
72 99
8070 2097

40 18
17 36
2729 18242

18 89
52 51
3582 6581

82 37
19 99
1851 4181

88 49
24 91
5024 8232

13 40
24 15
4007 7715

21 49
58 38
2673 3901

40 81
99 25
7412 3077

35 35
21 89
4277 7813

29 94
88 43
7680 5030

45 63
89 12
3885 2061

23 63
49 11
1101 8353

47 55
95 20
5908 3905

59 17
19 50
17147 3774

12 28
46 32
3452 14720

30 92
56 47
3108 9157

79 15
12 47
623 968

20 54
46 26
19274 8246

38 91
75 38
4437 9351

22 70
69 15
5876 3560

94 79
24 75
9816 10059

80 87
97 23
3605 3508

19 15
11 63
235 783

57 14
12 72
8657 12990

63 21
16 89
1906 5990

72 57
24 65
7608 9841

12 88
18 17
2730 8865

73 25
33 63
5285 6773

20 65
72 21
5640 5955

94 38
44 99
7158 3787

12 34
44 13
3308 13796
