5 253
757 101
394 983
924 201
44 185
116 356
792 23
389 401
557 491
584 228
58 115
263 869
820 89
553 296
846 467
436 71
553 611
411 428
722 379
471 731
729 484
672 572
375 937
549 213
177 863
486 207
917 38
255 420
67 558
141 261
834 258
117 155
946 797
387 438
691 206
182 238
522 434
22 857
134 598
689 301
7 725
632 167
328 251
168 813
696 552
177 527
600 612
5 789
935 875
997 248
59 285
325 40
83 845
463 456
327 459
227 420
696 517
843 490
653 546
121 726
792 224
835 136
597 336
222 657
501 306
660 306
884 257
180 820
770 324
987 378
248 646
185 819
442 907
549 388
262 401
139 806
76 978
990 777
188 545
272 32
977 807
266 744
800 207
941 211
825 702
883 307
225 754
513 969
288 8
738 701
744 683
919 685
305 573
291 852
647 3
174 156
679 740
463 30
875 270
224 108
486 524
613 459
780 865
365 535
622 700
623 125
752 792
213 376
771 799
382 131
412 25
616 919
946 363
316 505
363 589
38 452
445 9
505 640
899 766
485 214
469 95
545 577
625 950
830 164
530 4
880 160
508 717
593 3
754 735
791 731
718 434
458 943
454 66
521 460
206 53
420 119
923 828
81 459
266 160
634 181
302 872
947 843
954 818
469 330
709 381
692 607
20 147
964 713
573 765
861 190
149 843
134 719
22 371
672 177
484 84
857 111
11 521
7 128
614 497
866 725
731 948
33 176
398 672
148 678
801 30
510 36
283 696
559 572
762 321
909 480
184 545
986 322
581 609
434 891
728 525
552 165
23 400
167 183
157 343
796 355
312 781
216 896
9 285
718 986
545 895
722 572
107 209
440 283
288 757
421 123
589 921
455 905
599 748
273 990
974 159
696 260
216 455
928 316
890 212
766 534
170 736
645 679
864 397
155 481
160 707
807 746
261 877
922 680
894 377
48 266
361 771
332 827
690 51
55 840
863 343
425 648
763 181
794 818
213 528
314 669
641 237
440 591
460 11
708 915
138 409
275 464
894 309
330 296
707 884
609 787
342 89
102 723
903 945
80 130
790 996
983 403
936 199
502 753
104 293
318 737
402 74
642 782
714 667
283 331
243 952
915 41
947 866
221 297
332 570
158 640
800 255
262 849
531 160
204 760
513 132
884 112
29 581
252 198
919 291
239 410
970 327
851 279
159 479
692 852
332 725
487 272
428 736
814 493
654 203
635 667
427 557
924 456
91 270
437 372
413 767
404 30
83 621
163 330
836 70
326 92
377 382
183 94
908 788
959 866
766 106
26 169
407 336
781 609
567 131
842 16
404 299
980 817
759 27
816 327
10 377
60 556
71 194
54 618
615 986
360 511
387 887
565 98
852 909
964 784
351 184
752 380
565 263
176 301
724 532
983 550
942 275
111 602
752 155
327 205
108 233
436 39
10 524
523 67
167 645
305 169
940 645
964 882
544 861
171 396
98 466
202 977
65 156
916 837
248 949
119 722
235 988
401 478
760 203
594 881
401 886
647 315
146 838
578 112
949 792
794 217
801 192
439 753
889 297
665 576
783 215
101 739
935 345
344 351
349 325
677 728
34 791
162 982
352 740
409 310
969 23
6 54
465 807
526 458
396 93
719 44
404 362
402 634
620 339
261 803
644 769
210 882
113 5
686 939
893 419
522 816
564 983
752 484
84 307
486 387
437 187
61 751
479 564
370 558
79 777
2 290
509 224
439 15
794 228
666 12
942 336
974 403
398 351
237 706
73 367
258 509
734 571
677 408
273 622
213 14
785 933
875 534
273 704
403 147
575 503
719 207
324 720
553 685
530 711
952 650
608 425
657 344
952 983
563 153
597 553
42 25
243 985
748 181
513 836
528 931
394 906
748 101
588 99
762 499
115 70
358 497
673 980
632 452
827 726
248 669
745 698
507 429
205 534
98 543
324 444
504 369
272 976
380 961
701 103
57 637
242 591
727 599
127 428
731 342
601 697
603 37
937 728
305 102
296 72
132 763
97 481
454 506
814 106
739 211
87 206
442 17
452 266
262 674
327 845
86 371
637 103
358 845
216 782
111 955
791 328
946 620
623 64
986 415
38 403
91 193
464 529
677 376
576 14
70 850
705 544
830 398
626 675
574 508
306 829
548 420
332 202
72 648
866 929
563 200
584 32
401 424
897 939
389 118
146 178
386 610
178 632
822 859
774 887
316 546
433 570
12 582
474 681
288 311
934 466
628 780
813 147
564 631
972 373
188 118
630 960
105 916
215 263
257 474
565 99
195 386
695 513
354 472
420 822
409 240
65 591
2 270
895 507
13 268
37 808
19 585
457 746
715 809
542 65
871 498
438 984
176 297
404 56
617 647
412 110
158 588
383 762
215 479
618 506
597 824
130 88
673 686
404 486
335 183
209 514
290 830
127 362
218 584
806 757
416 926
140 136
586 293
465 127
50 37
268 549
928 48
238 685
868 701
147 775
485 402
497 239
483 579
633 187
351 722
376 405
773 301
714 478
15 892
7 951
503 262
416 32
550 92
706 856
129 641
361 904
556 900
820 572
204 279
117 94
665 432
50 841
69 679
29 553
242 498
658 290
806 363
462 199
67 623
329 771
533 772
985 538
541 123
689 5
624 102
689 339
976 335
488 361
273 731
258 938
744 815
244 475
642 298
73 293
989 486
353 226
452 316
156 967
19 394
174 673
874 712
241 907
124 628
125 59
804 677
879 424
884 639
734 624
279 559
649 790
534 924
968 123
250 420
337 422
76 293
293 210
438 928
183 794
332 416
606 374
534 560
51 112
471 577
52 512
310 351
617 189
936 553
373 275
892 327
186 664
878 211
713 297
865 283
852 418
981 822
106 954
638 435
742 736
178 260
235 409
4 876
779 7
257 563
269 328
940 691
207 615
22 730
304 887
897 888
28 168
383 29
467 873
670 942
152 343
520 584
585 847
205 503
480 92
439 908
190 679
756 714
866 764
258 363
702 803
417 62
405 512
680 378
272 215
342 699
230 407
579 949
32 967
778 295
872 242
272 456
656 911
369 320
430 762
678 155
327 946
484 853